# experimento q-learning
alpha = 0.1
episodios = 250
gamma = 0.95
epsilon inicial = 1.0
epsilon mínimo = 0.1
epsilon decay = 0.995

=== resumen de entrenamiento ===
+------------+---------------+---------------------+----------------------+----------------------+
| terminales | no_terminales | prom_pasos_episodio | max_pasos_terminales | min_pasos_terminales |
+------------+---------------+---------------------+----------------------+----------------------+
| 249        | 1             | 75.32               | 959                  | 15                   |
+------------+---------------+---------------------+----------------------+----------------------+

=== análisis de la q-table ===
+---------+------------+---------+---------+----------+-----------+-----------+-----------+
| estados | aprendidos | en_cero | no_cero | densidad | q_max     | q_min     | prom_qmax |
+---------+------------+---------+---------+----------+-----------+-----------+-----------+
| 264     | 83         | 181     | 498     | 31.44%   | 18.215331 | -2.818194 | 2.323102  |
+---------+------------+---------+---------+----------+-----------+-----------+-----------+

top 10 estados por valor máximo aprendido:
+------+-----------------+-------------+-----------+
| rank | state           | best_action | q_max     |
+------+-----------------+-------------+-----------+
| 1    | (2, 4, 0, 0, 0) | PICK_OBJECT | 18.215331 |
| 2    | (4, 4, 1, 0, 0) | PICK_OBJECT | 17.801800 |
| 3    | (4, 5, 1, 1, 0) | OPEN_DOOR   | 17.530836 |
| 4    | (3, 4, 0, 0, 0) | UP          | 17.272921 |
| 5    | (2, 3, 0, 0, 0) | RIGHT       | 17.016721 |
| 6    | (3, 4, 1, 0, 0) | DOWN        | 16.890152 |
| 7    | (4, 4, 1, 1, 0) | RIGHT       | 16.634085 |
| 8    | (4, 3, 1, 0, 0) | RIGHT       | 16.577657 |
| 9    | (3, 3, 0, 0, 0) | RIGHT       | 16.347783 |
| 10   | (2, 4, 1, 0, 0) | DOWN        | 16.022782 |
+------+-----------------+-------------+-----------+

=== explotación ===
+------+-----------------+-------------+-----------------+--------+----------+-------+
| step | state           | action      | next_state      | reward | a_reward | done  |
+------+-----------------+-------------+-----------------+--------+----------+-------+
| 001  | (3, 1, 0, 0, 0) | RIGHT       | (3, 2, 0, 0, 0) |  -0.02 |  -0.02   | False |
| 002  | (3, 2, 0, 0, 0) | RIGHT       | (3, 3, 0, 0, 0) |  -0.02 |  -0.04   | False |
| 003  | (3, 3, 0, 0, 0) | RIGHT       | (3, 4, 0, 0, 0) |  -0.02 |  -0.06   | False |
| 004  | (3, 4, 0, 0, 0) | UP          | (2, 4, 0, 0, 0) |  -0.02 |  -0.08   | False |
| 005  | (2, 4, 0, 0, 0) | PICK_OBJECT | (2, 4, 1, 0, 0) |  +3.00 |  +2.92   | False |
| 006  | (2, 4, 1, 0, 0) | DOWN        | (3, 4, 1, 0, 0) |  -0.02 |  +2.90   | False |
| 007  | (3, 4, 1, 0, 0) | DOWN        | (4, 4, 1, 0, 0) |  -0.02 |  +2.88   | False |
| 008  | (4, 4, 1, 0, 0) | PICK_OBJECT | (4, 4, 1, 1, 0) |  +2.00 |  +4.88   | False |
| 009  | (4, 4, 1, 1, 0) | RIGHT       | (4, 5, 1, 1, 0) |  -0.02 |  +4.86   | False |
| 010  | (4, 5, 1, 1, 0) | OPEN_DOOR   | (4, 5, 1, 1, 1) |  +5.00 |  +9.86   | False |
| 011  | (4, 5, 1, 1, 1) | RIGHT       | (4, 6, 1, 1, 1) |  +1.00 | +10.86   | False |
| 012  | (4, 6, 1, 1, 1) | UP          | (3, 6, 1, 1, 1) |  -0.01 | +10.85   | False |
| 013  | (3, 6, 1, 1, 1) | UP          | (2, 6, 1, 1, 1) |  -0.01 | +10.84   | False |
| 014  | (2, 6, 1, 1, 1) | RIGHT       | (2, 7, 1, 1, 1) |  -0.01 | +10.83   | False |
| 015  | (2, 7, 1, 1, 1) | UP          | (1, 7, 1, 1, 1) | +15.00 | +25.83   | True  |
+------+-----------------+-------------+-----------------+--------+----------+-------+
resultado_terminal = True
+-----------------+----------------------+
| final_state     | recompensa_acumulada |
+-----------------+----------------------+
| (1, 7, 1, 1, 1) | +25.83               |
+-----------------+----------------------+
