# experimento q-learning
alpha = 0.1
episodios = 50
gamma = 0.95
epsilon inicial = 1.0
epsilon mínimo = 0.1
epsilon decay = 0.995

=== resumen de entrenamiento ===
+------------+---------------+---------------------+----------------------+----------------------+
| terminales | no_terminales | prom_pasos_episodio | max_pasos_terminales | min_pasos_terminales |
+------------+---------------+---------------------+----------------------+----------------------+
| 47         | 3             | 250.06              | 604                  | 45                   |
+------------+---------------+---------------------+----------------------+----------------------+

=== análisis de la q-table ===
+---------+------------+---------+---------+----------+-----------+-----------+-----------+
| estados | aprendidos | en_cero | no_cero | densidad | q_max     | q_min     | prom_qmax |
+---------+------------+---------+---------+----------+-----------+-----------+-----------+
| 264     | 83         | 181     | 494     | 31.19%   | 14.536453 | -2.807273 | 1.032686  |
+---------+------------+---------+---------+----------+-----------+-----------+-----------+

top 10 estados por valor máximo aprendido:
+------+-----------------+-------------+-----------+
| rank | state           | best_action | q_max     |
+------+-----------------+-------------+-----------+
| 1    | (2, 7, 1, 1, 1) | UP          | 14.536453 |
| 2    | (3, 7, 1, 1, 1) | UP          | 13.151913 |
| 3    | (1, 8, 1, 1, 1) | LEFT        | 11.568481 |
| 4    | (4, 7, 1, 1, 1) | UP          | 11.451934 |
| 5    | (4, 5, 1, 1, 0) | OPEN_DOOR   | 10.621691 |
| 6    | (3, 6, 1, 1, 1) | RIGHT       | 10.163430 |
| 7    | (3, 8, 1, 1, 1) | LEFT        | 9.742852  |
| 8    | (2, 6, 1, 1, 1) | RIGHT       | 9.646102  |
| 9    | (4, 6, 1, 1, 1) | RIGHT       | 9.341292  |
| 10   | (4, 5, 1, 1, 1) | RIGHT       | 8.703380  |
+------+-----------------+-------------+-----------+

=== explotación ===
+------+-----------------+-------------+-----------------+--------+----------+-------+
| step | state           | action      | next_state      | reward | a_reward | done  |
+------+-----------------+-------------+-----------------+--------+----------+-------+
| 001  | (3, 1, 0, 0, 0) | RIGHT       | (3, 2, 0, 0, 0) |  -0.02 |  -0.02   | False |
| 002  | (3, 2, 0, 0, 0) | RIGHT       | (3, 3, 0, 0, 0) |  -0.02 |  -0.04   | False |
| 003  | (3, 3, 0, 0, 0) | RIGHT       | (3, 4, 0, 0, 0) |  -0.02 |  -0.06   | False |
| 004  | (3, 4, 0, 0, 0) | UP          | (2, 4, 0, 0, 0) |  -0.02 |  -0.08   | False |
| 005  | (2, 4, 0, 0, 0) | PICK_OBJECT | (2, 4, 1, 0, 0) |  +3.00 |  +2.92   | False |
| 006  | (2, 4, 1, 0, 0) | DOWN        | (3, 4, 1, 0, 0) |  -0.02 |  +2.90   | False |
| 007  | (3, 4, 1, 0, 0) | DOWN        | (4, 4, 1, 0, 0) |  -0.02 |  +2.88   | False |
| 008  | (4, 4, 1, 0, 0) | PICK_OBJECT | (4, 4, 1, 1, 0) |  +2.00 |  +4.88   | False |
| 009  | (4, 4, 1, 1, 0) | RIGHT       | (4, 5, 1, 1, 0) |  -0.02 |  +4.86   | False |
| 010  | (4, 5, 1, 1, 0) | OPEN_DOOR   | (4, 5, 1, 1, 1) |  +5.00 |  +9.86   | False |
| 011  | (4, 5, 1, 1, 1) | RIGHT       | (4, 6, 1, 1, 1) |  +1.00 | +10.86   | False |
| 012  | (4, 6, 1, 1, 1) | RIGHT       | (4, 7, 1, 1, 1) |  -0.01 | +10.85   | False |
| 013  | (4, 7, 1, 1, 1) | UP          | (3, 7, 1, 1, 1) |  -0.01 | +10.84   | False |
| 014  | (3, 7, 1, 1, 1) | UP          | (2, 7, 1, 1, 1) |  -0.01 | +10.83   | False |
| 015  | (2, 7, 1, 1, 1) | UP          | (1, 7, 1, 1, 1) | +15.00 | +25.83   | True  |
+------+-----------------+-------------+-----------------+--------+----------+-------+
resultado_terminal = True
+-----------------+----------------------+
| final_state     | recompensa_acumulada |
+-----------------+----------------------+
| (1, 7, 1, 1, 1) | +25.83               |
+-----------------+----------------------+
