# RESUMEN FINAL DE EXPERIMENTOS

+-------+-----------+------------+---------------+---------------------+----------------------+----------------------+---------+------------+---------+----------+-----------+-----------+-----------+
| alpha | episodios | terminales | no_terminales | prom_pasos_episodio | max_pasos_terminales | min_pasos_terminales | estados | aprendidos | en_cero | densidad | q_max     | q_min     | prom_qmax |
+-------+-----------+------------+---------------+---------------------+----------------------+----------------------+---------+------------+---------+----------+-----------+-----------+-----------+
| 0.05  | 50        | 49         | 1             | 270.38              | 930                  | 41                   | 264     | 83         | 181     | 31.44%   | 11.432597 | -2.794185 | 0.436841  |
| 0.1   | 50        | 47         | 3             | 250.06              | 604                  | 45                   | 264     | 83         | 181     | 31.19%   | 14.536453 | -2.807273 | 1.032686  |
| 0.2   | 50        | 47         | 3             | 264.88              | 740                  | 33                   | 264     | 83         | 181     | 31.44%   | 16.254645 | -2.981175 | 2.212288  |
| 0.05  | 250       | 248        | 2             | 82.83               | 847                  | 15                   | 264     | 83         | 181     | 31.44%   | 17.331909 | -2.604621 | 1.594334  |
| 0.1   | 250       | 249        | 1             | 75.32               | 959                  | 15                   | 264     | 83         | 181     | 31.44%   | 18.215331 | -2.818194 | 2.323102  |
| 0.2   | 250       | 248        | 2             | 83.82               | 972                  | 16                   | 264     | 83         | 181     | 31.44%   | 18.226540 | -2.855049 | 3.163371  |
| 0.05  | 500       | 498        | 2             | 53.84               | 807                  | 15                   | 264     | 83         | 181     | 31.19%   | 18.220214 | -2.799272 | 1.839250  |
| 0.1   | 500       | 499        | 1             | 49.32               | 963                  | 15                   | 264     | 83         | 181     | 31.44%   | 18.226540 | -2.831914 | 2.446355  |
| 0.2   | 500       | 498        | 2             | 48.07               | 843                  | 15                   | 264     | 83         | 181     | 31.44%   | 18.226540 | -2.904229 | 3.182797  |
+-------+-----------+------------+---------------+---------------------+----------------------+----------------------+---------+------------+---------+----------+-----------+-----------+-----------+